0 0 0 0 0 0 
8.34176e-07 0.0292001 0.026585 -0.00055373 0.00262738 -0.141033 
-0.0129957 0.0343599 -0.00258988 0.0366551 -0.066251 -0.187615 
-0.00586685 0.0859202 -0.0220887 0.0538689 -0.0348026 -0.260764 
-0.00558712 0.112633 0.0069997 0.0507244 -0.0303773 -0.397114 
-0.00530738 0.139346 0.0360881 0.0475799 -0.0259521 -0.533463 
-0.00502764 0.166058 0.0651765 0.0444355 -0.0215268 -0.669813 
0.017764 0.192352 0.0847837 0.0472488 0.0219729 -0.754807 
0.0157355 0.255693 0.117471 0.0667408 0.0205754 -0.835861 
-0.0256458 0.29144 0.158559 0.0220167 0.0447359 -0.84876 
0.0377877 0.327921 0.20113 -0.00675219 0.0574042 -0.864836 
0.0352844 0.349131 0.226898 -0.00711901 0.0574635 -1.01493 
0.032781 0.37034 0.252665 -0.00748584 0.0575228 -1.16502 
-0.0222799 0.394112 0.200231 -0.03277 0.0637327 -1.20226 
-0.0262973 0.453136 0.262155 -0.00248476 0.0732955 -1.23745 
-0.0429584 0.512758 0.306973 0.0459352 0.0571086 -1.25174 
-0.0659943 0.585572 0.340914 0.0352919 0.101353 -1.26706 
-0.0202554 0.643391 0.361562 -0.000661348 0.0943881 -1.29994 
0.0113791 0.654687 0.317611 -0.0512004 0.0677087 -1.33584 
0.0407042 0.66478 0.353359 -0.0321912 0.00301903 -1.37698 
0.036869 0.663191 0.375656 -0.0303149 0.00823001 -1.54217 
0.0330337 0.661602 0.397953 -0.0284386 0.013441 -1.70736 
0.0291985 0.660012 0.42025 -0.0265623 0.018652 -1.87255 
-0.00985837 0.681115 0.428403 -0.0884364 0.035836 -1.92518 
-0.0085479 0.676711 0.44983 -0.0783329 0.0388164 -2.08495 
-0.00723744 0.672307 0.471257 -0.0682293 0.0417968 -2.24473 
-0.00592697 0.667903 0.492684 -0.0581258 0.0447772 -2.4045 
-0.0046165 0.663499 0.51411 -0.0480222 0.0477576 -2.56428 
-0.00330604 0.659094 0.535537 -0.0379187 0.0507381 -2.72405 
-0.00199557 0.65469 0.556964 -0.0278151 0.0537185 -2.88383 
-0.000685109 0.650286 0.578391 -0.0177116 0.0566989 -3.0436 
1.85096e-05 0.647922 0.589895 -0.0122867 0.0582991 -3.12939 

